-1.490582108497619629e+00
-1.177561044692993164e+00
-1.370402812957763672e+00
5.856049656867980957e-01
-1.000405073165893555e+00
-1.140378952026367188e+00
1.822060346603393555e+00
-1.142560124397277832e+00
9.785712957382202148e-01
-9.111490249633789062e-01
1.182236790657043457e+00
1.218234896659851074e+00
1.570003747940063477e+00
1.412114977836608887e+00
1.399534106254577637e+00
7.576048970222473145e-01
1.478616356849670410e+00
-3.383169472217559814e-01
-1.304911851882934570e+00
1.126559853553771973e+00
-1.063367843627929688e+00
1.368679523468017578e+00
1.354311823844909668e+00
-7.969170212745666504e-01
-9.392308592796325684e-01
1.203732013702392578e+00
1.233327031135559082e+00
-4.259182810783386230e-01
1.448268294334411621e+00
-1.378462314605712891e+00
-4.523590207099914551e-01
1.408744096755981445e+00
-1.121751070022583008e+00
-1.040687799453735352e+00
-1.140261054039001465e+00
-1.227154612541198730e+00
-4.085870087146759033e-01
1.343485832214355469e+00
-1.195904970169067383e+00
-1.600615382194519043e+00
1.525997281074523926e+00
-4.278918504714965820e-01
1.946774005889892578e+00
-2.589956820011138916e-01
-7.621773481369018555e-01
-1.387276172637939453e+00
8.540410995483398438e-01
-8.222720026969909668e-01
1.085004448890686035e+00
-1.035591244697570801e+00
-6.373883485794067383e-01
-1.192469120025634766e+00
-1.213188290596008301e+00
1.563531756401062012e+00
-1.158781647682189941e+00
8.146499991416931152e-01
1.328004956245422363e+00
-1.105057477951049805e+00
1.509605050086975098e+00
-1.422802567481994629e+00
-1.542066454887390137e+00
1.432301759719848633e+00
1.663155078887939453e+00
-1.416394472122192383e+00
-1.400243401527404785e+00
4.338201880455017090e-01
1.466204643249511719e+00
-5.621684789657592773e-01
-1.360067605972290039e+00
-2.894555032253265381e-01
1.577102184295654297e+00
-1.409787893295288086e+00
1.968250751495361328e+00
1.476024985313415527e+00
8.031958341598510742e-01
3.303186893463134766e-01
1.554349064826965332e+00
1.585999011993408203e+00
5.701040625572204590e-01
1.585161685943603516e+00
-7.820473313331604004e-01
-3.204672336578369141e-01
-7.649208307266235352e-01
1.857119441032409668e+00
-7.946680188179016113e-01
-1.449403047561645508e+00
1.317071318626403809e+00
-6.966838836669921875e-01
1.288608193397521973e+00
1.825337648391723633e+00
-6.965520381927490234e-01
1.341834425926208496e+00
1.544368743896484375e+00
-4.844146072864532471e-01
-1.551208853721618652e+00
1.237766742706298828e+00
-7.618036866188049316e-01
1.560378432273864746e+00
8.982095122337341309e-01
-1.117663860321044922e+00
