1.031172052025794983e-01
8.961468189954757690e-02
1.037030592560768127e-01
1.031835451722145081e-01
5.879374593496322632e-02
7.739284634590148926e-02
1.023115813732147217e-01
5.400856956839561462e-02
9.305813163518905640e-02
9.762256592512130737e-02
1.028009653091430664e-01
1.024146899580955505e-01
8.378156274557113647e-02
1.055229827761650085e-01
1.022422239184379578e-01
7.789313048124313354e-02
8.126648515462875366e-02
1.023195907473564148e-01
1.035482212901115417e-01
1.031174287199974060e-01
7.200553268194198608e-02
7.086249440908432007e-02
8.042918145656585693e-02
8.911909162998199463e-02
1.018232405185699463e-01
8.713269233703613281e-02
8.834549039602279663e-02
9.309791773557662964e-02
9.332414716482162476e-02
1.053138673305511475e-01
1.006369963288307190e-01
7.628274708986282349e-02
6.061569601297378540e-02
9.409528970718383789e-02
8.605894446372985840e-02
8.407358825206756592e-02
1.045836061239242554e-01
1.033972948789596558e-01
1.003141924738883972e-01
9.183494746685028076e-02
8.757667988538742065e-02
7.485768198966979980e-02
1.008824482560157776e-01
1.030212268233299255e-01
1.014983803033828735e-01
1.038668975234031677e-01
8.997485041618347168e-02
9.154294431209564209e-02
1.022001430392265320e-01
7.331299781799316406e-02
5.214500427246093750e-02
8.904010057449340820e-02
9.412524849176406860e-02
1.017941609025001526e-01
9.247900545597076416e-02
1.011987179517745972e-01
9.361653029918670654e-02
9.009084105491638184e-02
9.657123684883117676e-02
1.014720872044563293e-01
9.285297244787216187e-02
9.196574240922927856e-02
1.039830297231674194e-01
8.978520333766937256e-02
9.430389851331710815e-02
1.023251265287399292e-01
6.483064591884613037e-02
1.039280816912651062e-01
8.375011384487152100e-02
1.023104861378669739e-01
1.034524589776992798e-01
1.028857454657554626e-01
1.029287204146385193e-01
9.207551181316375732e-02
1.055819466710090637e-01
1.035621389746665955e-01
1.039361357688903809e-01
1.028806492686271667e-01
9.235078096389770508e-02
5.766598135232925415e-02
9.402776509523391724e-02
1.031646952033042908e-01
5.913376808166503906e-02
1.054073944687843323e-01
9.082500636577606201e-02
8.957150578498840332e-02
1.013721898198127747e-01
1.034567654132843018e-01
8.336902409791946411e-02
8.880266547203063965e-02
1.028859391808509827e-01
1.022288054227828979e-01
9.101422131061553955e-02
1.039861142635345459e-01
9.110517054796218872e-02
1.031984463334083557e-01
1.026915684342384338e-01
8.843059837818145752e-02
9.179526567459106445e-02
5.789752677083015442e-02
