9.119712561368942261e-02
1.001339107751846313e-01
5.126186832785606384e-02
9.886050969362258911e-02
9.375669807195663452e-02
1.026685461401939392e-01
1.034503653645515442e-01
9.772349148988723755e-02
1.038631498813629150e-01
9.697353839874267578e-02
9.888622909784317017e-02
1.020880639553070068e-01
9.939000010490417480e-02
9.683376550674438477e-02
1.006234362721443176e-01
9.886971116065979004e-02
9.947324544191360474e-02
1.028345376253128052e-01
9.420634061098098755e-02
9.501444548368453979e-02
9.717468172311782837e-02
9.731812775135040283e-02
9.943868219852447510e-02
8.157183229923248291e-02
9.728099405765533447e-02
7.614327222108840942e-02
9.994794428348541260e-02
9.515244513750076294e-02
9.961284697055816650e-02
1.016929969191551208e-01
9.790955483913421631e-02
9.977905452251434326e-02
1.029450446367263794e-01
1.030764430761337280e-01
7.304388284683227539e-02
9.749017655849456787e-02
8.610618859529495239e-02
8.361107110977172852e-02
9.804583340883255005e-02
9.530530124902725220e-02
9.579218924045562744e-02
9.935158491134643555e-02
9.069995582103729248e-02
1.056425645947456360e-01
9.912752360105514526e-02
1.029806286096572876e-01
9.193807095289230347e-02
9.545673429965972900e-02
1.007199957966804504e-01
9.728043526411056519e-02
6.878162175416946411e-02
9.580206871032714844e-02
1.054259315133094788e-01
9.208142757415771484e-02
4.983390122652053833e-02
9.808957576751708984e-02
9.861382842063903809e-02
9.934927523136138916e-02
9.970431029796600342e-02
1.042182892560958862e-01
9.507493674755096436e-02
7.981307804584503174e-02
1.007986962795257568e-01
9.487918764352798462e-02
8.136293292045593262e-02
1.005073115229606628e-01
9.888077527284622192e-02
7.712718844413757324e-02
9.980850666761398315e-02
9.610008448362350464e-02
9.907818585634231567e-02
8.662436157464981079e-02
9.610262513160705566e-02
9.974733740091323853e-02
9.871438890695571899e-02
9.346177428960800171e-02
9.970461577177047729e-02
5.127531290054321289e-02
9.965236485004425049e-02
1.001543477177619934e-01
9.792360663414001465e-02
9.864832460880279541e-02
8.981693536043167114e-02
6.725064665079116821e-02
1.005682796239852905e-01
9.800198674201965332e-02
9.855300188064575195e-02
1.006491854786872864e-01
5.821057036519050598e-02
9.941267967224121094e-02
1.026339828968048096e-01
9.727603942155838013e-02
6.428433209657669067e-02
9.728228300809860229e-02
9.928427636623382568e-02
9.942656755447387695e-02
5.883438140153884888e-02
7.849700748920440674e-02
9.678931534290313721e-02
9.893299639225006104e-02
